general:
    cluster:
        index: 0
        maxMag: 30.0
        minMag: -10.0
        priors:
            means:
                Av: 0.2671999999999999
                Fe_H: -0.03
                Y: 0.29
                carbonicity: 0.38
                distMod: 11.414299621162435
                logAge: 9.60756602068848
            sigmas:
                Av: 0.0033941125496955
                Fe_H: 0.0187082869338697
                Y: 0.0
                carbonicity: 0.0
                distMod: 0.08116582782552814
                logAge: .inf
        starting:
            Av: 0.2671999999999999
            Fe_H: -0.03
            Y: 0.29
            carbonicity: 0.38
            distMod: 11.414299621162435
            logAge: 9.60756602068848
    files:
        backend: 0
        modelDirectory: "base-models/"
        outputFileBase: "output/NGC_188"
        photFile: "inputs/NGC_188.phot"
        scatterFile: ""
    main_sequence:
        msRgbModel: 5
    verbose: 1
    white_dwarfs:
        M_wd_up: 8.0
        ifmr: 1
        wdAtmosphereModel: 0
        wdModel: 1
makeCMD:
makeIsochrone:
multiPopMcmc:
    YA_hi: 0.3
    YA_lo: 0.2
    YA_start: 0.2467
    YB_hi: 0.4
    YB_start: 0.33
    lambdaStep: 0.001
    lambda_start: 0.5
sampleMass:
    burnIters: 10000
    deltaMass: 0.01
    deltaMassRatio: 0.001
    iters: 10000
sampleWDMass:
scatterCluster:
    brightLimit: -10
    crowded: false
    exposures:
        B: 1
        F435W: 1
        F475W: 1
        F555W: 1
        F606W: 1
        F625W: 1
        F775W: 1
        F814W: 1
        H: 1
        I: 1
        J: 1
        K: 1
        R: 1
        U: 1
        UVf275w: 1
        UVf336w: 1
        UVf438w: 1
        V: 1
    faintLimit: 30
    limitS2N: 1
    relevantFilt: 0
simCluster:
    nBrownDwarfs: 0
    nFieldStars: 0
    nStars: 100
    percentBinary: 0
    percentDB: 0
singlePopMcmc:
    adaptive:
        bigStepIter: 100
        trialIter: 100
    runIter: 10000
    stage2IterMax: 2000
    stage3Iter: 1000
    stepSizes:
        Av: 0.002
        Fe_H: 0.005
        Y: 0.002
        age: 0.005
        carbonicity: 0.001
        distMod: 0.005
        ifmrIntercept: 0.01
        ifmrQuadCoef: 0.008
        ifmrSlope: 0.008
    thin: 1
